French
           fr      ko      es      de      en      zh      ja
wlca  0.56641 0.03540 0.12207 0.04395 0.00571 0.00391 0.01831
clca  0.56641 0.21289 0.44531 0.37500 0.82812 0.68750 0.36914
wlsa  0.01526 0.00011 0.00470 0.00330 0.00017 0.00001 0.00002
clsa  0.01526 0.08203 0.03638 0.10156 0.01599 0.00546 0.01141
enca  0.00742 0.02344 0.01031 0.01575 0.82812 0.02771 0.01331
ensa  0.00000 0.00005 0.00003 0.00182 0.01599 0.00001 0.00001
wrong 0.41016 0.64453 0.38086 0.45898 0.14941 0.27344 0.58984

Korean
           fr      ko      es      de      en      zh      ja
wlca  0.00103 0.31055 0.00394 0.00004 0.00134 0.00488 0.02002
clca  0.28516 0.31055 0.32227 0.35547 0.78516 0.72266 0.30664
wlsa  0.00041 0.05371 0.00204 0.00003 0.00021 0.00011 0.00237
clsa  0.05273 0.05371 0.04321 0.14355 0.01459 0.00374 0.01538
enca  0.01636 0.01141 0.01257 0.01855 0.78516 0.00589 0.01025
ensa  0.00009 0.00001 0.00005 0.00110 0.01459 0.00000 0.00002
wrong 0.64453 0.62500 0.61719 0.48242 0.19727 0.26367 0.64453

Spanish
           fr      ko      es      de      en      zh      ja
wlca  0.21289 0.02893 0.57812 0.07764 0.01367 0.00259 0.00272
clca  0.35938 0.25195 0.57812 0.36523 0.84375 0.73438 0.34180
wlsa  0.00146 0.00002 0.02881 0.00066 0.00025 0.00002 0.00001
clsa  0.06079 0.06226 0.02881 0.10107 0.01172 0.00418 0.01282
enca  0.01465 0.01929 0.00836 0.01550 0.84375 0.01385 0.00995
ensa  0.00010 0.00003 0.00001 0.00173 0.01172 0.00000 0.00002
wrong 0.35156 0.63672 0.38281 0.43945 0.12988 0.24316 0.63281

German
           fr      ko      es      de      en      zh      ja
wlca  0.04102 0.02246 0.09033 0.64062 0.00449 0.00249 0.00977
clca  0.33984 0.19629 0.37500 0.64062 0.76562 0.66016 0.32031
wlsa  0.00033 0.00001 0.00080 0.03418 0.00003 0.00000 0.00015
clsa  0.05688 0.05249 0.08984 0.03418 0.01575 0.00322 0.00946
enca  0.01361 0.02283 0.01367 0.01324 0.76562 0.01575 0.00995
ensa  0.00020 0.00005 0.00005 0.00003 0.01575 0.00000 0.00004
wrong 0.55078 0.70703 0.43164 0.31055 0.21484 0.32031 0.64844

English
           fr      ko      es      de      en      zh      ja
wlca  0.04663 0.02148 0.01929 0.02612 0.85547 0.00897 0.00793
clca  0.32617 0.25781 0.45898 0.38672 0.85547 0.79297 0.47656
wlsa  0.00264 0.00002 0.00003 0.00513 0.00818 0.00000 0.00002
clsa  0.03760 0.05176 0.06396 0.11230 0.00818 0.00246 0.01367
enca  0.04663 0.02148 0.01929 0.02612 0.85547 0.00897 0.00793
ensa  0.00264 0.00002 0.00003 0.00513 0.00818 0.00000 0.00002
wrong 0.58594 0.66797 0.45898 0.46875 0.13477 0.19727 0.50000

Chinese
           fr      ko      es      de      en      zh      ja
wlca  0.00848 0.06299 0.01636 0.00879 0.01282 0.86328 0.20020
clca  0.34570 0.24805 0.38281 0.36133 0.81250 0.86328 0.39648
wlsa  0.00074 0.00008 0.00039 0.00552 0.00011 0.00193 0.00223
clsa  0.02307 0.01855 0.03735 0.05054 0.00342 0.00193 0.01251
enca  0.01819 0.02368 0.01929 0.04858 0.81250 0.00152 0.01318
ensa  0.00017 0.00000 0.00021 0.00781 0.00342 0.00000 0.00005
wrong 0.60156 0.64844 0.54297 0.51953 0.16992 0.13281 0.37500

Chinese
           fr      ko      es      de      en      zh      ja
wlca  0.00848 0.06299 0.01636 0.00879 0.01282 0.86328 0.20020
clca  0.34570 0.24805 0.38281 0.36133 0.81250 0.86328 0.39648
wlsa  0.00074 0.00008 0.00039 0.00552 0.00011 0.00193 0.00223
clsa  0.02307 0.01855 0.03735 0.05054 0.00342 0.00193 0.01251
enca  0.01819 0.02368 0.01929 0.04858 0.81250 0.00152 0.01318
ensa  0.00017 0.00000 0.00021 0.00781 0.00342 0.00000 0.00005
wrong 0.60156 0.64844 0.54297 0.51953 0.16992 0.13281 0.37500
