French
           fr      ko      es      de      en      zh      ja
wlca  0.59375 0.04980 0.17188 0.07764 0.03760 0.01892 0.02441
clca  0.59375 0.27539 0.41602 0.33789 0.75000 0.58203 0.41602
wlsa  0.01117 0.00004 0.00310 0.00439 0.00101 0.00005 0.00002
clsa  0.01117 0.06836 0.02783 0.04395 0.00787 0.00253 0.00940
enca  0.00488 0.02124 0.01093 0.02197 0.75000 0.05908 0.01263
ensa  0.00000 0.00001 0.00001 0.00243 0.00787 0.00001 0.00001
wrong 0.39062 0.58594 0.36914 0.51172 0.20312 0.33984 0.53906

Korean
           fr      ko      es      de      en      zh      ja
wlca  0.03906 0.26172 0.09961 0.04175 0.03345 0.08398 0.03040
clca  0.08057 0.26172 0.11182 0.13965 0.52734 0.29883 0.28125
wlsa  0.00836 0.05493 0.01385 0.00343 0.00525 0.00677 0.00377
clsa  0.02429 0.05493 0.01129 0.03149 0.01685 0.00049 0.00430
enca  0.05176 0.01532 0.02393 0.05981 0.52734 0.02087 0.02722
ensa  0.00058 0.00001 0.00076 0.00173 0.01685 0.00001 0.00011
wrong 0.79688 0.66797 0.73828 0.72266 0.41797 0.58984 0.65234

Korean
           fr      ko      es      de      en      zh      ja
wlca  0.03906 0.26172 0.09961 0.04175 0.03345 0.08398 0.03040
clca  0.08057 0.26172 0.11182 0.13965 0.52734 0.29883 0.28125
wlsa  0.00836 0.05493 0.01385 0.00343 0.00525 0.00677 0.00377
clsa  0.02429 0.05493 0.01129 0.03149 0.01685 0.00049 0.00430
enca  0.05176 0.01532 0.02393 0.05981 0.52734 0.02087 0.02722
ensa  0.00058 0.00001 0.00076 0.00173 0.01685 0.00001 0.00011
wrong 0.79688 0.66797 0.73828 0.72266 0.41797 0.58984 0.65234

German
           fr      ko      es      de      en      zh      ja
wlca  0.05078 0.02026 0.08496 0.63672 0.01611 0.00214 0.01129
clca  0.29883 0.25781 0.40430 0.63672 0.69922 0.64062 0.43164
wlsa  0.00080 0.00000 0.00063 0.03052 0.00168 0.00000 0.00005
clsa  0.04907 0.06030 0.06787 0.03052 0.02979 0.00188 0.01141
enca  0.03003 0.01514 0.01746 0.01410 0.69922 0.02563 0.00830
ensa  0.00042 0.00001 0.00004 0.00002 0.02979 0.00001 0.00002
wrong 0.57031 0.64844 0.42578 0.32031 0.25195 0.33203 0.53906

English
           fr      ko      es      de      en      zh      ja
wlca  0.05981 0.02173 0.01855 0.02917 0.79297 0.01526 0.00934
clca  0.32617 0.29297 0.44531 0.36719 0.79297 0.71875 0.50781
wlsa  0.00940 0.00001 0.00005 0.00626 0.01556 0.00000 0.00001
clsa  0.03784 0.05713 0.05249 0.07764 0.01556 0.00247 0.01324
enca  0.05981 0.02173 0.01855 0.02917 0.79297 0.01526 0.00934
ensa  0.00940 0.00001 0.00005 0.00626 0.01556 0.00000 0.00001
wrong 0.56641 0.62891 0.48438 0.51953 0.19238 0.26172 0.47070

Chinese
           fr      ko      es      de      en      zh      ja
wlca  0.20410 0.39258 0.26562 0.12158 0.08545 0.82422 0.48633
clca  0.06836 0.08594 0.07666 0.09570 0.67188 0.82422 0.15234
wlsa  0.00458 0.00032 0.00195 0.00165 0.00121 0.00226 0.00359
clsa  0.00510 0.00452 0.00546 0.00377 0.00252 0.00226 0.00087
enca  0.17090 0.02393 0.05298 0.17383 0.67188 0.00369 0.02734
ensa  0.00146 0.00000 0.00014 0.00323 0.00252 0.00000 0.00001
wrong 0.54688 0.49219 0.59766 0.60156 0.24121 0.16992 0.33008

Japanese
           fr      ko      es      de      en      zh      ja
wlca  0.01990 0.12988 0.04614 0.01855 0.03882 0.27344 0.55078
clca  0.11475 0.08252 0.12207 0.15918 0.67969 0.50391 0.55078
wlsa  0.00076 0.00134 0.00019 0.00232 0.00073 0.00203 0.00922
clsa  0.04419 0.01123 0.03955 0.06226 0.00482 0.00098 0.00922
enca  0.10352 0.01013 0.04956 0.07861 0.67969 0.00323 0.00175
ensa  0.00155 0.00000 0.00024 0.00305 0.00482 0.00000 0.00000
wrong 0.71484 0.76562 0.74219 0.67578 0.27734 0.21875 0.43750
